# Create four vectors 
a <- seq(2,30)
b <- seq(30,2,-1) 
c <- c(seq(1,30), seq(29,1,-1))
d <- c(4,6,3)

# Assign the above four vectors to a name 
dev <- c(a,b,c,d)

#Output
> dev
  [1]  2  3  4  5  6  7  8  9 10 11 12 13 14 15 16 17 18 19 20 21 22 23 24 25 26 27 28 29 30 30
 [31] 29 28 27 26 25 24 23 22 21 20 19 18 17 16 15 14 13 12 11 10  9  8  7  6  5  4  3  2  1  2
 [61]  3  4  5  6  7  8  9 10 11 12 13 14 15 16 17 18 19 20 21 22 23 24 25 26 27 28 29 30 29 28
 [91] 27 26 25 24 23 22 21 20 19 18 17 16 15 14 13 12 11 10  9  8  7  6  5  4  3  2  1  4  6  3


#Create vectors with repetitive values 
rep(c(5,6,7),10)

#Output
> rep(c(5,6,7),10)
 [1] 5 6 7 5 6 7 5 6 7 5 6 7 5 6 7 5 6 7 5 6 7 5 6 7 5 6 7 5 6 7
 
rep_len(c(5,6,7),31)

#Output
> rep(c(5,6,7),10)
 [1] 5 6 7 5 6 7 5 6 7 5 6 7 5 6 7 5 6 7 5 6 7 5 6 7 5 6 7 5 6 7
 
c(rep(4,10),rep(6,20),rep(3,30))

#Output
> c(rep(4,10),rep(6,20),rep(3,30))
 [1] 4 4 4 4 4 4 4 4 4 4 6 6 6 6 6 6 6 6 6 6 6 6 6 6 6 6 6 6 6 6 3 3 3 3 3 3 3 3 3 3
[41] 3 3 3 3 3 3 3 3 3 3 3 3 3 3 3 3 3 3 3 3
